image: /home/gachon/map.pgm
resolution: 0.050000
origin: [-11.757219, -10.662280, 0.000000]
negate: 0
occupied_thresh: 0.65
free_thresh: 0.196

